Data 2:
minmaxIdx_global = [4506,5377,6840,7643,9562,10261,11028,11925,12782,14744,15419,17110,17748,19203,20068,21729,22453,24078,25176,26553,27254,28899,29576,31500,32220,34020,34809,36670,37905,38832,39724,41128,42330,43581,44479,46144,46965,48593]
Num         Time	     Range	 	    End-Start	   Max-Min	    Mean	     Stdv
1       [ 4506  5377)    871            -0.0114          0.0504      0.9031      0.0058
2       [ 5377  6840)    1463            -0.0828          0.0833      0.3097      0.0101
3       [ 6840  7643)    803            0.0174          0.0174      0.9196      0.0050
4       [ 7643  9562)    1919            -0.0080          0.0272      0.3076      0.0012
5       [ 9562 10261)    699            -0.0030          0.0030      0.9103      0.0008
6       [10261 11028)    767            -0.0079          0.0079      0.3054      0.0023
7       [11028 11925)    897            -0.5865          0.6173      0.5926      0.2816
8       [11925 12782)    857            0.0032          0.0032      0.9136      0.0009
9       [12782 14744)   1962            -0.0161          0.0242      0.3050      0.0010
10       [14744 15419)   675            0.0018          0.0018      0.9096      0.0005
11       [15419 17110)   1691            -0.0002          0.0002      0.3055      0.0001
12       [17110 17748)   638            0.0009          0.0009      0.9103      0.0003
13       [17748 19203)   1455            -0.0067          0.0067      0.3059      0.0019
14       [19203 20068)   865            -0.0010          0.0010      0.9121      0.0003
15       [20068 21729)   1661            -0.0025          0.0025      0.3071      0.0007
16       [21729 22453)   724            0.0009          0.0009      0.9121      0.0003
17       [22453 24078)   1625            -0.0185          0.6242      0.3794      0.2035
18       [24078 25176)   1098            0.0008          0.0008      0.8981      0.0002
19       [25176 26553)   1377            -0.1341          0.1341      0.3062      0.0183
20       [26553 27254)   701            0.0001          0.0001      0.9103      0.0000
21       [27254 28899)   1645            -0.0009          0.0009      0.3077      0.0003
22       [28899 29576)   677            0.0001          0.0001      0.8983      0.0000
23       [29576 31500)   1924            -0.1493          0.1493      0.3089      0.0185
24       [31500 32220)   720            0.0028          0.0028      0.9130      0.0008
25       [32220 34020)   1800            0.0139          0.0406      0.3188      0.0070
26       [34020 34809)   789            0.0011          0.0011      0.9120      0.0003
27       [34809 36670)   1861            0.0016          0.0016      0.3048      0.0005
28       [36670 37905)   1235            0.0285          0.8916      0.7196      0.3397
29       [37905 38832)   927            -0.0100          0.0239      0.3084      0.0013
30       [38832 39724)   892            0.0062          0.0303      0.9108      0.0025
31       [39724 41128)   1404            -0.0095          0.0095      0.3043      0.0028
32       [41128 42330)   1202            0.2243          0.4842      0.7394      0.1384
33       [42330 43581)   1251            -0.0011          0.0011      0.3085      0.0003
34       [43581 44479)   898            0.0022          0.0022      0.9090      0.0006
35       [44479 46144)   1665            -0.0652          0.0652      0.3081      0.0065
36       [46144 46965)   821            0.0038          0.0038      0.9131      0.0011
37       [46965 48593)   1628            -0.0076          0.0265      0.3056      0.0015

k = 8: [5, 7, 5, 3, 5, 0, 1, 5, 3, 5, 3, 5, 3, 5, 3, 5, 2, 5, 7, 5, 3, 5, 7, 5, 3, 5, 3, 4, 0, 5, 3, 6, 3, 5, 7, 5, 3]
k =9: [6, 4, 6, 8, 6, 4, 0, 1, 8, 6, 8, 6, 8, 6, 4, 6, 8, 2, 8, 6, 8, 6, 8, 6, 8, 3, 8, 3, 5, 0, 8, 6, 7, 6, 8, 6, 8, 6, 8, 0]
k =10:[3, 5, 7, 9, 3, 5, 0, 1, 9, 3, 9, 3, 9, 3, 5, 3, 9, 2, 9, 7, 9, 3, 9, 7, 9, 4, 9, 4, 6, 0, 9, 3, 8, 3, 9, 7, 9, 3, 9, 0]
k = 11: [5, 8, 0, 10, 5, 8, 1, 2, 10, 5, 10, 5, 10, 5, 8, 5, 10, 3, 10, 4, 10, 5, 10, 4, 10, 6, 10, 6, 7, 1, 10, 5, 9, 5, 10, 0, 10, 5, 10, 1]


Data 4:
minmaxIdx_global = [2369,4637,7030,9733,11157,12187,14888,17347,19417,21947,24279,26792,29042,31638,34219,36862,38968,41488,43787,46264,48829]
Num         Time	     Range	    Local_min-Start	   Max-Min	    Mean
1       [ 4637  7030)    2393            -0.0644          0.5663      0.3609
2       [ 7030  9733)    2703            -0.1389          0.5573      0.3296
3       [ 9733 11157)    1424            0.0000          0.4740      0.4481
4       [11157 12187)    1030            0.0000          0.4746      0.6357
5       [12187 14888)    2701            -0.5722          0.7126      0.6258
6       [14888 17347)    2459            -0.1420          0.5195      0.4587
7       [17347 19417)    2070            -0.1410          0.4213      0.4138
8       [19417 21947)    2530            -0.1345          0.5017      0.4561
9       [21947 24279)   2332            -0.1329          0.4245      0.4554
10       [24279 26792)   2513            -0.1421          0.5636      0.5205
11       [26792 29042)   2250            -0.2680          0.5186      0.3199
12       [29042 31638)   2596            -0.2385          0.6432      0.2766
13       [31638 34219)   2581            -0.0261          0.5758      0.3029
14       [34219 36862)   2643            -0.0947          0.5712      0.3359
15       [36862 38968)   2106            0.0000          0.4228      0.4055
16       [38968 41488)   2520            -0.0745          0.4956      0.4979
17       [41488 43787)   2299            -0.1358          0.3417      0.3770
18       [43787 46264)   2477            -0.2817          0.6574      0.4459
19       [46264 48829)   2565            -0.0029          0.4499      0.4053

k = 9:  [8, 8, 0, 1, 2, 5, 5, 5, 5, 3, 8, 4, 8, 8, 6, 3, 6, 7, 6]
k = 10: [5, 5, 0, 1, 2, 7, 9, 7, 9, 7, 3, 4, 5, 5, 9, 7, 6, 8, 9],倒数第三个另分了一类，更准确


Data 10:
[4544,6922,9666,11286,14435,16882,19218,21883,24103,26571,28931,31397,34161,36659,38989,41336,43583,46149,48478]
Num         Time	     Range	 	    End-Local_min	  Max-Min	   Mean	    Stdv
1       [ 4544  6922)    2378            0.0206          0.3638      0.2076      0.1237
2       [ 6922  9666)    2744            0.0440          0.2998      0.2247      0.1164
3       [ 9666 11286)    1620            0.7047          0.7047      0.2807      0.2035
4       [11286 14435)    3149            0.0213          0.8362      0.2815      0.2229
5       [14435 16882)    2447            0.0245          0.3886      0.2166      0.1237
6       [16882 19218)    2336            0.0237          0.3442      0.1976      0.1074
7       [19218 21883)    2665            0.1268          0.3032      0.1939      0.0957
8       [21883 24103)    2220            0.0236          0.3486      0.2092      0.1092
9       [24103 26571)   2468            0.0232          0.3205      0.2197      0.1175
10       [26571 28931)   2360            0.0190          0.3395      0.1940      0.1077
11       [28931 31397)   2466            0.0194          0.3839      0.1948      0.1165
12       [31397 34161)   2764            0.0850          0.4223      0.1973      0.1214
13       [34161 36659)   2498            0.1662          0.3796      0.2061      0.1070
14       [36659 38989)   2330            0.2857          0.4644      0.1958      0.1210
15       [38989 41336)   2347            0.0800          0.3045      0.1976      0.1080
16       [41336 43583)   2247            0.0200          0.3228      0.2141      0.1112
17       [43583 46149)   2566            0.0199          0.3467      0.2078      0.1168
18       [46149 48478)   2329            0.0710          0.4210      0.2013      0.1218

k = 5: [4, 4, 0, 1, 4, 4, 4, 4, 4, 4, 4, 2, 4, 3, 4, 4, 4, 2],手动更正结果
k = 4: [3, 3, 0, 1, 3, 3, 3, 3, 3, 3, 3, 3, 3, 2, 3, 3, 3, 3], choosed


