Fret:
    thresholds = [.25, .5, 1.0, 2.0]
    phi = 60
    delta = 30
 Num         Time	     Mean	   Stdv
1     [    1   188)     1.6665    0.1504
2     [  188   256)     1.0943    0.1191
3     [  256   752)     1.8659    0.1404
4     [  752   771)     1.0536    0.1360
5     [  771   841)     1.7602    0.1370
6     [  841   900]     1.0680    0.1508
======================================================================================
minmaxIdx_global = [1037,1507,2710,4506,5377,6840,7643,9562,10261,11028,11449,11925,12782,14744,15419,17110,17748,19203,20068,21729,22453,22846,24078,25176,26553,27254,28899,29576,31500,32220,34020,34809,36670,37020,37905,38832,39724,41128,42330,43581,44479,46144,46965,48593,49247,49981]

#Data2
Num         Time	     Range	 	    End-Start	   Max-Min	    Mean	     Stdv
1       [ 1507  2710)    1203            0.5989          0.6256      0.7654      0.2597
2       [ 2710  4506)    1796            -0.0016          0.0016      0.3075      0.0005
3       [ 4506  5377)    871            -0.0114          0.0504      0.9031      0.0058
4       [ 5377  6840)    1463            -0.0828          0.0833      0.3097      0.0101
5       [ 6840  7643)    803            0.0174          0.0174      0.9196      0.0050
6       [ 7643  9562)    1919            -0.0080          0.0272      0.3076      0.0012
7       [ 9562 10261)    699            -0.0030          0.0030      0.9103      0.0008
8       [10261 11028)   767            -0.0079          0.0079      0.3054      0.0023
9       [11028 11449)   421            -0.0156          0.0464      0.8919      0.0082
10       [11449 11925)   476            -0.1079          0.1085      0.3284      0.0230
11       [11925 12782)   857            0.0032          0.0032      0.9136      0.0009
12       [12782 14744)   1962            -0.0161          0.0242      0.3050      0.0010
13       [14744 15419)   675            0.0018          0.0018      0.9096      0.0005
14       [15419 17110)   1691            -0.0002          0.0002      0.3055      0.0001
15       [17110 17748)   638            0.0009          0.0009      0.9103      0.0003
16       [17748 19203)   1455            -0.0067          0.0067      0.3059      0.0019
17       [19203 20068)   865            -0.0010          0.0010      0.9121      0.0003
18       [20068 21729)   1661            -0.0025          0.0025      0.3071      0.0007
19       [21729 22453)   724            0.0009          0.0009      0.9121      0.0003
20       [22453 22846)   393            0.5988          0.6242      0.6243      0.3041
21       [22846 24078)   1232            -0.0468          0.0468      0.3015      0.0067
22       [24078 25176)   1098            0.0008          0.0008      0.8981      0.0002
23       [25176 26553)   1377            -0.1341          0.1341      0.3062      0.0183
24       [26553 27254)   701            0.0001          0.0001      0.9103      0.0000
25       [27254 28899)   1645            -0.0009          0.0009      0.3077      0.0003
26       [28899 29576)   677            0.0001          0.0001      0.8983      0.0000
27       [29576 31500)   1924            -0.1493          0.1493      0.3089      0.0185
28       [31500 32220)   720            0.0028          0.0028      0.9130      0.0008
29       [32220 34020)   1800            0.0139          0.0406      0.3188      0.0070
30       [34020 34809)   789            0.0011          0.0011      0.9120      0.0003
31       [34809 36670)   1861            0.0016          0.0016      0.3048      0.0005
32       [36670 37020)   350            0.0014          0.0014      0.9040      0.0004
33       [37020 37905)   885            0.6441          0.8916      0.6474      0.3771
34       [37905 38832)   927            -0.0100          0.0239      0.3084      0.0013
35       [38832 39724)   892            0.0062          0.0303      0.9108      0.0025
36       [39724 41128)   1404            -0.0095          0.0095      0.3043      0.0028
37       [41128 42330)   1202            0.2243          0.4842      0.7394      0.1384
38       [42330 43581)   1251            -0.0011          0.0011      0.3085      0.0003
39       [43581 44479)   898            0.0022          0.0022      0.9090      0.0006
40       [44479 46144)   1665            -0.0652          0.0652      0.3081      0.0065
41       [46144 46965)   821            0.0038          0.0038      0.9131      0.0011
42       [46965 48593)   1628            -0.0076          0.0265      0.3056      0.0015
43       [48593 49247)   654            0.0035          0.0035      0.9105      0.0010
44       [49247 49981)   734            -0.0060          0.0060      0.3057      0.0017
45       [49981 50000]   20             0.0000          0.0000      0.0000      0.0000

Add stdv:
k=13,b =0.1, c =0.65, d= 0.25,
[0, 12, 8, 12, 6, 12, 8, 1, 2, 3, 6, 12, 6, 12, 6, 12, 8, 12, 6, 4, 12, 5, 12, 6, 12, 6, 12, 6, 7, 6, 7, 9, 10, 1, 6, 12, 11, 12, 6, 12, 6, 12, 6, 1]

===================================================================================================
Data4_prey:
Num         Time	     Range	   End-Start	   Max-Min	    Mean
1      [ 2369  4637)     2268        -0.3688      0.5206      0.3252
2      [ 4637  7030)     2393        -0.0644      0.5663      0.3609
3      [ 7030  9733)     2703        -0.1389      0.5573      0.3296
4      [ 9733 11157)     1424        0.0000      0.4740      0.4481
5      [11157 12187)     1030        0.0000      0.4746      0.6357
6      [12187 14888)     2701        -0.5722      0.7126      0.6258
7      [14888 17347)     2459        -0.1420      0.5195      0.4587
8     [17347 19417)     2070        -0.1410      0.4213      0.4138
9     [19417 21947)     2530        -0.1345      0.5017      0.4561
10     [21947 24279)     2332        -0.1329      0.4245      0.4554
11     [24279 26792)     2513        -0.1421      0.5636      0.5205
12     [26792 29042)     2250        -0.2680      0.5186      0.3199
13     [29042 31638)     2596        -0.2385      0.6432      0.2766
14     [31638 34219)     2581        -0.0261      0.5758      0.3029
15     [34219 36862)     2643        -0.0947      0.5712      0.3359
16     [36862 38968)     2106        0.0000      0.4228      0.4055
17     [38968 41488)     2520        -0.0745      0.4956      0.4979
18     [41488 43787)     2299        -0.1358      0.3417      0.3770
19     [43787 46264)     2477        -0.2817      0.6574      0.4459
20     [46264 48829)     2565        -0.0029      0.4499      0.4053
21     [48829 49971)     1142        -0.0144      0.2949      0.5331
22     [49971 50000]     30           0.0000      0.0000      0.0000
Add mean:
K = 8: local_min - left, a =0.2, b =0.3, c = 0.5
3, 2, 2, 5, 0, 1, 7, 7, 7, 7, 7, 3, 4, 2, 2, 5, 7, 6, 3, 6, 8

K = 8: local_min - left, a =0.15, b =0.35, c = 0.5
0, 4, 4, 7, 1, 2, 7, 7, 7, 7, 3, 0, 5, 4, 4, 7, 3, 6, 3, 6, 8

k = 9:local_min - left, a =0.15, b =0.35, c = 0.5, good result
[5, 3, 3, 6, 0, 1, 8, 2, 8, 2, 8, 5, 4, 3, 3, 6, 8, 2, 7, 2, 9]

k = 9:local_min - left, a =0.1, b =0.4, c = 0.5, same as last one.
 0, 5, 5, 6, 1, 2, 8, 3, 8, 3, 8, 0, 4, 5, 5, 6, 8, 3, 7, 3, 9

k = 11:local_min - left, a =0.1, b =0.4, c = 0.5, best result.
 5, 4, 4, 7, 0, 1, 9, 2, 9, 2, 9, 5, 3, 4, 4, 7, 9, 6, 8, 2, 10


#Data10
Num         Time	     Range	 	    End-Local_min	  Max-Min	   Mean	    Stdv
1       [ 2149  4544)    2395            0.0214          0.2492      0.1687      0.0697
2       [ 4544  6922)    2378            0.0206          0.3638      0.2076      0.1237
3       [ 6922  9666)    2744            0.0440          0.2998      0.2247      0.1164
4       [ 9666 11286)    1620            0.7047          0.7047      0.2807      0.2035
5       [11286 14435)    3149            0.0213          0.8362      0.2815      0.2229
6       [14435 16882)    2447            0.0245          0.3886      0.2166      0.1237
7       [16882 19218)    2336            0.0237          0.3442      0.1976      0.1074
8       [19218 21883)    2665            0.1268          0.3032      0.1939      0.0957
9       [21883 24103)   2220            0.0236          0.3486      0.2092      0.1092
10       [24103 26571)   2468            0.0232          0.3205      0.2197      0.1175
11       [26571 28931)   2360            0.0190          0.3395      0.1940      0.1077
12       [28931 31397)   2466            0.0194          0.3839      0.1948      0.1165
13       [31397 34161)   2764            0.0850          0.4223      0.1973      0.1214
14       [34161 36659)   2498            0.1662          0.3796      0.2061      0.1070
15       [36659 38989)   2330            0.2857          0.4644      0.1958      0.1210
16       [38989 41336)   2347            0.0800          0.3045      0.1976      0.1080
17       [41336 43583)   2247            0.0200          0.3228      0.2141      0.1112
18       [43583 46149)   2566            0.0199          0.3467      0.2078      0.1168
19       [46149 48478)   2329            0.0710          0.4210      0.2013      0.1218
20       [48478 50000]   1523             0.0000          0.5017      0.3186      0.0929

k=8,  a = b = 0.35 ,c = d= 0.15
[0, 7, 7, 1, 2, 7, 7, 3, 7, 7, 7, 7, 4, 5, 6, 3, 7, 7, 4]

k=7,  a = b = 0.35 ,c = d= 0.15
[6, 6, 6, 0, 1, 6, 6, 4, 6, 6, 6, 6, 2, 4, 3, 5, 6, 6, 2]